43153
43152
43117
43084
43083
43082
43081
43080
43016
43010
43001
42998
42962
42911
42908
42907
42884
42843
42827
42824
42823
42821
42820
42819
42818
42817
42814
42804
42797
42795
42661
42652
42649
42614
42601
42599
42598
42596
42556
42555
42554
42457
42414
42413
42412
42411
42410
42409
42408
42407
42406
42405
42404
42403
42402
42401
42400
42399
42398
42397
42396
42395
42394
42393
42392
42391
42390
42389
42388
42387
42386
42385
42384
42383
42382
42381
42380
42379
42378
42377
42376
42375
42374
42372
42371
42370
42369
42368
42350
42338
42336
42335
42330
42329
42328
42324
42309
42293
42291
42271
42247
42243
42224
42223
42222
42221
42220
42219
42218
42217
42216
42215
42214
42213
42212
42139
42132
42118
42117
42064
42062
42061
42060
42059
42058
42057
42056
42055
42054
42053
42052
42051
42050
42049
42048
42047
42046
42045
42044
42043
42042
42041
42040
42039
42038
42037
42036
42035
42034
42033
42032
42031
42030
42029
42028
42027
42026
42025
42024
42023
42022
42021
42020
42019
42018
42017
42016
42015
42014
42013
42012
42011
42010
42009
42008
42007
42006
42005
42004
42003
42002
42001
42000
41999
41998
41997
41996
41995
41994
41993
41992
41991
41990
41989
41988
41987
41986
41964
41936
41935
41931
41928
41925
41898
41897
41896
41895
41867
41836
41835
41834
41833
41832
41831
41830
41829
41828
41827
41826
41825
41824
41823
41822
41821
41820
41819
41818
41817
41816
41815
41814
41813
41812
41811
41810
41809
41808
41807
41806
41805
41804
41803
41802
41801
41800
41799
41798
41797
41796
41795
41794
41793
41792
41791
41790
41789
41788
41787
41786
41785
41784
41783
41782
41781
41780
41779
41778
41777
41776
41775
41774
41773
41772
41771
41770
41769
41768
41767
41766
41765
41764
41763
41762
41761
41760
41748
41732
41711
41671
41670
41642
41641
41640
41636
41635
41634
41622
41621
41613
41612
41611
41609
41608
41593
41587
41579
41578
41577
41576
41575
41574
41573
41560
41558
41557
41555
41532
41503
41455
41454
41453
41452
41451
41386
41385
41384
41334
41332
41331
41307
41306
41305
41304
41301
41300
41299
41297
41296
41295
41294
41293
41292
41291
41290
41285
41283
41282
41279
41278
41277
41276
41275
41274
41273
41272
41271
41270
41269
41268
41267
41255
41254
41253
41252
41251
41250
41249
41248
41203
41202
41201
41200
41197
41196
41195
41194
41193
41192
41191
41190
41189
41180
41147
41142
41141
41140
41139
41138
41137
41136
41135
41134
41133
41132
41131
41130
41100
41093
41052
41051
41050
41029
41016
41015
41014
41013
41012
41011
41010
41009
41008
40996
40989
40986
40985
40984
40983
40982
40981
40980
40979
40978
40977
40976
40975
40974
40973
40972
40971
40970
40967
40965
40964
40963
40961
40960
40958
40953
40952
40935
40932
40931
40930
40928
40927
40926
40925
40901
40900
40899
40879
40869
40849
40846
40845
40844
40843
40842
40841
40840
40787
40786
40785
40782
40781
40739
40716
40715
40707
40706
40705
40687
40686
40685
40684
40683
40682
40681
40680
40679
40678
40677
40676
40675
40674
40608
40559
40533
40532
40528
40527
40495
40493
40466
40459
40431
40428
40427
40418
40362
40361
40360
40359
40357
40345
40344
40343
40338
40337
40336
40332
40324
40323
40322
40319
40318
40317
40316
40315
40314
40312
40302
40301
40300
40299
40260
40259
40254
40253
40252
40251
40250
40249
40194
40188
40173
40159
40149
40144
40124
40123
40115
40106
40100
40089
40080
40078
40076
40062
40061
40060
40059
40058
40057
40056
40055
40054
40053
40018
39998
39994
39993
39973
39967
39964
39930
39923
39922
39914
39913
39911
39907
39898
39893
39891
39885
39845
39844
39843
39737
39736
39735
39734
39733
39732
39731
39730
39729
39728
39727
39726
39725
39724
39723
39722
39721
39720
39719
39718
39717
39716
39715
39714
39713
39712
39711
39710
39709
39708
39707
39706
39705
39704
39703
39702
39701
39700
39699
39698
39697
39696
39695
39694
39693
39692
39691
39690
39689
39688
39687
39686
39685
39684
39683
39682
39681
39680
39679
39678
39677
39676
39675
39674
39673
39672
39671
39670
39669
39668
39667
39666
39665
39664
39663
39662
39661
39608
39593
39591
39590
39588
39587
39586
39585
39582
39581
39580
39571
39570
39569
39544
39543
39542
39541
39521
39464
39449
39448
39441
39432
39392
39391
39374
39373
39372
39366
39365
39364
39363
39362
39361
39360
39359
39353
39349
39348
39347
39346
39345
39344
39343
39342
39341
39340
39339
39338
39337
39336
39335
39334
39333
39332
39331
39330
39329
39328
39327
39326
39325
39324
39323
39322
39321
39320
39319
39318
39317
39316
39315
39314
39313
39312
39311
39310
39309
39308
39307
39306
39305
39304
39303
39302
39301
39300
39299
39298
39297
39296
39295
39294
39293
39292
39291
39290
39289
39288
39287
39286
39285
39284
39283
39282
39281
39280
39279
39278
39277
39276
39275
39274
39252
39245
39234
39233
39213
39204
39202
39200
39168
39166
39165
39164
39163
39162
39161
39160
39159
39158
39157
39156
39155
39154
39153
39152
39151
39150
39149
39148
39147
39146
39145
39091
39060
39027
38996
38995
38915
38911
38910
38909
38908
38907
38906
38905
38904
38903
38902
38901
38900
38899
38898
38897
38896
38895
38894
38893
38892
38891
38890
38889
38888
38887
38886
38885
38884
38883
38882
38881
38880
38879
38878
38877
38876
38875
38874
38873
38872
38871
38870
38869
38868
38867
38866
38865
38864
38863
38862
38861
38860
38859
38858
38857
38856
38855
38854
38853
38852
38851
38850
38849
38848
38847
38846
38845
38844
38843
38842
38841
38840
38839
38838
38837
38836
38835
38824
38823
38809
38808
38807
38768
38761
38746
38744
38731
38706
38678
38572
38555
38553
38552
38551
38550
38537
38536
38531
38519
38478
38477
38476
38475
38474
38473
38472
38471
38470
38469
38468
38467
38466
38465
38464
38463
38462
38461
38460
38459
38458
38457
38456
38455
38454
38453
38452
38451
38450
38449
38446
38441
38407
38406
38401
38400
38398
38383
38382
38344
38309
38299
38297
38294
38291
38288
38273
38271
38267
38266
38265
38251
38250
38249
38248
38247
38222
38158
38157
38156
38155
38154
38128
38127
38115
38114
38111
38110
38108
38107
38106
38105
38103
38098
38097
38094
38093
38089
38087
38071
38059
38057
38056
38055
38049
38048
38047
38042
38041
38036
38035
38034
38033
38032
38031
38030
38029
38028
38027
38026
38025
38024
38023
38022
38021
38020
38019
38018
38017
38016
38015
38014
38013
38012
38011
38010
38009
38008
38007
38006
38005
38004
38003
38002
38001
38000
37999
37998
37997
37996
37995
37994
37993
37992
37991
37990
37989
37988
37987
37986
37985
37984
37983
37982
37981
37980
37979
37978
37977
37976
37975
37974
37973
37972
37971
37970
37969
37968
37967
37966
37965
37964
37963
37962
37961
37960
37959
37911
37906
37894
37878
37877
37870
37848
37847
37820
37801
37780
37779
37767
37731
37725
37712
37711
37706
37705
37704
37701
37684
37683
37682
37681
37655
37649
37641
37631
37630
37629
37628
37627
37626
37625
37624
37623
37622
37621
37620
37619
37618
37617
37616
37615
37614
37613
37612
37611
37610
37609
37608
37607
37606
37605
37604
37603
37602
37601
37600
37599
37598
37597
37596
37595
37594
37593
37592
37591
37590
37589
37588
37587
37586
37585
37584
37583
37582
37581
37580
37579
37578
37577
37576
37575
37574
37573
37572
37571
37570
37569
37568
37567
37566
37565
37564
37563
37562
37561
37548
37544
37527
37509
37508
37507
37506
37505
37504
37503
37502
37501
37500
37499
37498
37497
37495
37445
37421
37416
37415
37402
37400
37397
37395
37394
37393
37392
37391
37390
37389
37388
37387
37386
37379
37362
37339
37318
37316
37286
37285
37252
37245
37229
37219
37214
37191
37189
37188
37187
37182
37177
37158
37135
37050
37039
37037
37035
37008
37004
37003
36989
36942
36922
36921
36920
36899
36869
36853
36849
36848
36847
36846
36845
36844
36843
36842
36841
36840
36839
36838
36823
36822
36817
36816
36815
36814
36795
36791
36787
36774
36760
36720
36713
36712
36711
36706
36705
36704
36702
36701
36700
36699
36698
36697
36696
36694
36686
36685
36684
36683
36682
36681
36680
36679
36678
36677
36676
36675
36674
36673
36672
36671
36667
36666
36665
36594
36593
36577
36550
36541
36540
36522
36499
36497
36496
36481
36457
36456
36400
36399
36398
36397
36396
36395
36394
36393
36392
36391
36390
36389
36388
36387
36386
36362
36361
36360
36337
36308
36299
36298
36297
36296
36293
36292
36291
36288
36286
36234
36232
36165
36133
36132
36131
36130
36129
36128
36127
36126
36125
36124
36123
36122
36121
36120
36119
36118
36117
36116
36115
36114
36113
36112
36111
36110
36109
36108
36107
36106
36105
36104
36103
36102
36101
36100
36099
36098
36097
36096
36095
36094
36093
36092
36091
36090
36089
36088
36087
36086
36085
36084
36083
36082
36081
36080
36064
36063
36060
36059
36054
36053
36052
36050
36049
36048
36047
36046
36045
36044
36042
36040
36039
36038
36037
36036
36034
36033
36032
36031
36030
36029
36027
36026
36023
36022
36021
36020
36019
36018
36017
36016
36015
36014
36013
36012
36011
36010
36009
36008
36007
36006
36004
36000
35978
35947
35946
35945
35935
35933
35931
35886
35866
35865
35864
35863
35862
35861
35860
35859
35858
35857
35856
35855
35854
35853
35852
35851
35850
35849
35848
35847
35846
35845
35844
35843
35842
35841
35840
35839
35838
35828
35827
35826
35825
35824
35823
35822
35821
35820
35819
35818
35817
35816
35815
35814
35813
35812
35811
35810
35809
35808
35807
35806
35805
35804
35803
35802
35801
35800
35799
35798
35797
35796
35795
35794
35793
35792
35791
35790
35789
35788
35787
35786
35785
35784
35783
35782
35781
35780
35779
35778
35777
35776
35775
35774
35773
35772
35771
35770
35769
35768
35767
35766
35765
35764
35763
35762
35761
35760
35759
35758
35757
35756
35755
35754
35753
35752
35751
35750
35749
35748
35747
35746
35745
35744
35743
35742
35741
35740
35739
35738
35737
35736
35735
35734
35733
35732
35731
35730
35729
35711
35703
35702
35701
35700
35699
35698
35697
35696
35695
35679
35670
35665
35663
35656
35653
35634
35617
35567
35566
35565
35564
35563
35562
35561
35560
35553
35532
35518
35517
35516
35515
35514
35513
35511
35510
35508
35507
35506
35505
35504
35503
35499
35492
35486
35484
35483
35482
35481
35480
35479
35478
35477
35476
35474
35473
35470
35469
35468
35467
35466
35465
35463
35459
35458
35457
35421
35409
35403
35373
35359
35358
35357
35356
35355
35354
35353
35352
35351
35350
35349
35348
35347
35346
35345
35251
35235
35229
35227
35224
35222
35220
35208
35207
35206
35203
35201
35192
35190
35189
35188
35185
35176
35160
35106
35105
35090
35089
35084
35062
35013
34987
34986
34985
34955
34938
34929
34907
34906
34905
34902
34901
34893
34892
34891
34889
34887
34885
34866
34860
34854
34853
34852
34851
34837
34836
34835
34821
34779
34778
34777
34776
34775
34774
34773
34772
34771
34770
34769
34768
34767
34766
34765
34764
34763
34762
34761
34760
34759
34758
34757
34756
34755
34754
34753
34752
34751
34750
34749
34748
34747
34746
34745
34744
34743
34742
34741
34740
34739
34738
34737
34736
34735
34734
34733
34732
34731
34730
34729
34728
34727
34726
34725
34724
34723
34722
34721
34720
34719
34718
34717
34716
34715
34714
34713
34712
34711
34710
34709
34708
34707
34706
34705
34704
34703
34701
34697
34686
34685
34680
34678
34676
34673
34672
34667
34666
34660
34657
34655
34654
34653
34650
34649
34646
34645
34644
34638
34629
34627
34618
34617
34616
34613
34602
34592
34586
34579
34574
34573
34572
34570
34569
34560
34533
34532
34518
34495
34491
34476
34458
34450
34442
34438
34431
34416
34415
34414
34413
34412
34411
34406
34405
34404
34403
34402
34401
34400
34387
34376
34362
34360
34350
34349
34328
34324
34323
34313
34312
34311
34310
34309
34308
34307
34306
34305
34304
34303
34288
34284
34261
34260
34233
34226
34213
34212
34211
34210
34206
34205
34200
34191
34176
34175
34174
34173
34156
34154
34153
34140
34135
34134
34133
34132
34131
34130
34129
34128
34127
34119
34112
34103
34102
34087
34074
34073
34072
34068
34027
33984
33983
33982
33981
33980
33979
33978
33977
33976
33975
33974
33973
33972
33971
33970
33969
33968
33967
33966
33965
33964
33963
33962
33961
33960
33959
33958
33957
33956
33955
33954
33953
33952
33951
33950
33949
33948
33947
33946
33945
33944
33943
33942
33941
33940
33939
33938
33937
33936
33935
33934
33933
33932
33931
33930
33929
33928
33927
33926
33925
33924
33923
33922
33921
33920
33919
33918
33917
33916
33915
33914
33913
33912
33911
33910
33909
33908
33907
33906
33905
33904
33903
33902
33896
33890
33877
33876
33875
33871
33870
33857
33839
33835
33815
33803
33800
33767
33765
33764
33763
33762
33761
33760
33759
33758
33757
33756
33755
33754
33753
33752
33751
33750
33749
33748
33741
33718
33711
33695
33693
33685
33680
33679
33675
33628
33616
33608
33600
33591
33543
33540
33537
33532
33531
33528
33524
33493
33481
33460
33440
33431
33430
33429
33428
33427
33426
33425
33424
33423
33422
33421
33420
33419
33418
33417
33416
33415
33414
33413
33412
33411
33410
33409
33408
33407
33406
33405
33404
33401
33400
33370
33363
33346
33328
33326
33323
33291
33290
33289
33288
33287
33240
33219
33207
33177
33176
